%YAML:1.0
---
CameraMatrix: !!opencv-matrix
   rows: 3
   cols: 3
   dt: d
   data: [ 7.8187736288686267e+02, 0., 5.8887900205764265e+02, 0.,
       7.6261253965976266e+02, 4.5758176740510396e+02, 0., 0., 1. ]
DistortCoeffs: !!opencv-matrix
   rows: 0
   cols: 0
   dt: d
   data: []
