%YAML:1.0
---
CameraMatrix: !!opencv-matrix
  rows: 3
  cols: 3
  dt: d
  data: [ 7.8763794472070344e+02, 0., 3.1952081345612515e+02, 0.,
          7.8692306358727240e+02, 2.4277492731715702e+02, 0., 0., 1. ]
DistortCoeffs: !!opencv-matrix
  rows: 1
  cols: 5
  dt: d
  data: [ -1.5807644543104e-03, -2.579686119839803e-01, 0., 0., 0. ]